0.9513662716817723
0.7383379657990846
0.4443852861068125
0.42897636810391326
0.46457722431896176
0.8375201208812482
0.9898301679563755
0.33009629763166415
0.047315628532643594
0.8940570623437261
0.5031190130768902
0.3375044967578896
0.033846910830381605
0.9737683696574666
0.6337525469413507
0.8178873302505066
0.5233699300752402
0.5226691723250457
0.5037606412043573
0.19965614974359092
0.003996179322283244
0.9658234513864692
0.7656401806146093
0.017486748321731138
0.3485146182011909
0.9120001814610909
0.18650104693770975
0.06774207176827018
0.7054691401127711
0.1569484435935159
0.3530796571887914
0.25425279690680036
0.5105345844722676
0.7810264059647776
0.01585635423736176
0.06430231618911142
0.5161520464355577
0.7929631142882532
0.8727709517343684
0.2740661442454493
0.335909139591528
0.5920728060721001
0.10122197269895794
0.6796058862426254
0.591916837730683
0.7790960886841547
0.9632292625785328
0.8582035521220381
0.8310024279429771
0.05885887126850209
0.7428038513261799
0.3868566589211142
0.8467838232411724
0.39950267880967805
0.8989289427326
0.9016975473291132
0.586806170049261
0.7172144902383853
0.11269027118332031
0.6916973768602745
0.01860096796817412
0.0701623759958907
0.23453058754568235
0.2064739996053061
0.6825213326382507
0.5283736924477432
0.5861601523932651
0.3515177949376196
0.6126579473317427
0.978825311389441
0.1326619898370247
0.6359871660559422
0.3135407611134635
0.46793965645845725
0.41724849151469
0.21659864953813457
0.47588463744708287
0.7424869371849133
0.0124963610708142
0.07800819027643391
0.3413029575561537
0.9781250912615562
0.7704040311331853
0.927559051446203
0.030223143161092092
0.8228483110552646
0.9880010754920164
0.5772602996493141
0.7222992585292561
0.41008786842821443
0.7480395051406177
0.9795019699949307
0.2868859157799958
0.6088357014103335
0.1250842465245493
0.46500405302430614
0.5448651424279248
0.3345676976161498
0.5410795710118363
0.06392833775261719